129

lii: 111111 1051 3111011111, 1011001101303100115100011, 111111 5111101111, 101
10011131 3 oddanosti, 111111 1011011131, 101 10011131 3 1011001151110511. V e
111 31101111 (1013111111 1500 1101111111, 1101131101οο proti 1131111 1111
3 11511131 1011101611, kdo mluvi 101 11011 111010 1111510100 nebo po-
11511, 1311111111111310111511111011111 01110113 smrti Krist0v63 po
1101111, 1110 11111110 511101 1010 1οἑ111011 1100011 urbici& 1301 1500
11, 1110 11ηὲ 1111111311 0 50011011 neb 11111011. Ζ11311101101, 10 1101500 13-
” lebni 3111110111 1011011111, kdo 1111111011, 310 1 11, 1110 1131110 1311. Ρ1010
2131011511113 ona slova [1113110131 131. 12.: ,1101011110110111 skry-
teh0‚ 00111 00111110 1111 3101110“ pravi: „Nejenom ten 1051 11111100
1131111, kdo 10101111 1105101010 1131110 misto pravdy 1111011 lei, ale
i ten, kdo 5101011111 11011151 1131110, 1101011 11101110 51010111ιέ 1111-
5311. nebo 11011111 5101011111 1131111, ktere‘ 5101011111 11111111 511111,
1051 31111100 1131111. Νο101 1310 11111 10110011 1051, 311 11311111, 1101011
511101 od Boha‚ 5101011ηὲ 111331, 131 1311 1051 10110011, 311 11311111,
1101011511101 od 101301011331100,1. 1151111, 1110111111 10-11 11110-
0111111, 3131111 1131110.“ Α 1111οε ‚,Viz‚ 10 0010110111 ten jest 1105101111
1131111, 1110 10101011 331111 11311111, 310 1 ten, 1110110 5113011 11011
tenni, 11011 11101100 331111 telo, 010111 11311111. Α 0011111110 110 5113011
11011 5111111 5111111111 1116113111), 11111 110 1111111 13101101 3 110 na-
(1111113 1113111100 100111 11011 01111311011111101 50111011 111111 1131110.“
Tolik 51311 1311 2131011511.

3. V (1101111111. 5111101111, (1013111111 150011, 1110 3 1311151 011113-
110511 11100 110 3301011111 111010 1111111110 516110 nebo 1011511 1010,
311011011ἑί 101151311; 1010111111-11 111110, 1011101110 1051 110111 na
5111113111 0113111, by 1011, 10 0 nem 0110110 nevi, 31 11000 11 111111.
V 11011 11110111101101116, (1013111101 150011, 1110 110103011 111 101-
10111110 0110501001 1101113335111-111111110, smutne'ho 3 00111110. Ζ113-
menei, 1011110 111, 10111 51010101 3 10110101, 1311011 110 (10111 11111151
0015οο 1 sobe 5011101111111111110111, 11000 1111111111 3 (1010031110 111100
0011111351111311. 10110 10110111 101 1051 (111101. 1310 1130131 10110111 1131113
1051 u.

Ι)111111 1111311.

4. 910111 1111311 ,,Νο11010101ἱὲ 11116110 5111100111 1101111110111111
5111110“,10111 1101111111111 51011 1111111110 01111010. Κ 101110 1051111-
deti. 10 11011 11311516111110511 3115005011011110111 Ρ10110111, kdo
1100311011 51013 1050111111 3 1151011011, 11011111 50 11111111

„Posmbvab jest 10111 nez* ten, koho 1011111111 11νά.“

Po (1111111, 1110 1101111011 51013, 11011011 50 50311 (101131 51013 neb
310111001031111111101 sofisticky 1101130011; 10 11011, 1110 1011 10011011
111511 1131111131 3 1101111 51013 1100111011, 1111111 11011113 51010111) 1013-
100111) 3133011. 1310 0111111 111111 1113110011. Ρο enne, kdo bez
nutnosti 1101110 1010 111011 1101133011, eim} 1051 1111111111 1 roz-
1311. Ρο 11116, 1110 10111111 30 31111511 1101113 z 1151111011ιηί 10110
111110 1111311. Ρο {este kdo 51011 1101133111ῐηί 1011011011 1101113,
1110113 Huni 50113οὲ 11111. 9

 

