412

“ 10111 13 0111 (10111011 by 111111 3 3301011131 bludnc3 zvyky 0111131111
3 111111, 113 13111 musili 31111 113313, 1310 110 31111 Cechovcfi, 11011111
11111 00113111. Μ311101011 30113101330130. ,Ezechiele‘t „V ustano-
1311131101311 311311 11331101113 3 30111111 1311311 1130311113113.“ 1311 1331
13111 nestydaty' 11111011 (10110111 ,11311 otei 11311311 0131111110 to 1113110,
’ 133110νὲ1110 nebo 11113110, tedy i 1111111 1111 1011111 1113110, 33311011111110
3 11113110.ι

1310νέ10 113311111ηὸ 11111331· &ini 3311311· 113311111111 111111 vymlouvz'mi
1111111111 1111111311. Ζ 001111 11111101131113111 1311, 13111 pravi v 13111111
105.; „thessili jsme i s otei 3111111, 1130111νέ 131113 1111111 31133110111031
01311311. 013011331131111311 1 Egypt& 11310311111111 0131113110 3131111111
111111, 31111 031113101311 113 1101013111 11111031113113111 11113113·

Α 133111131111311311 1101101011 10111, 13 13 316111 11101111 03113ὂο11
0131 01311 svate‘ proroky 1131) 30011011, 113110 0031111111 31311, 031 byli
by 00101111 11310131 1311311 0131110, 01011 1113111111 11311110 by nikomu
(1010133033110111111, 3 bylo by 1131310 1311311 113111, 03131101131 chytrost
1131101111011, 11111 01311, 13 33100311103311 1113111011131111133 311013
1131311110, 0111111110 3 333110111301110 01311 0131 1131131101311, 0111311111
13111 001133 1131 010311311111111331 0011111111 (101111 3 0031111111 311. Nebot‘
11311 33 31311111 01311, 01010111, 30011011] nebo 11111311 31311311 011-
1331113, 31111311110111111 se 13111111 110111 113113 1 1131110111, aby tam
1131311 od 1101031313111111111 Κ1131113111131131030031111111111110 11111113
3 311110 3111133 33113131 113 131111 sve' 131311 od bohosluieb. Ba za
’ 13110 011101330311 1111101131 0031111111 111011 3 dal 11111 sve} 1131311111ἑὶ
3 331101111111 1110 11311 3 1101111111 1130011111131 0133111111, aby Ι111111
3 1110111111 33, aby 11313111 010 1131311111 (1011113111 3110110111, 13113311
3 1113111011 1 0011113111, Α 11131110 113131101111111 13113333131 od 1131-
001101111111 111011111111, 11111 3311111 101111311 3 111101311 110; 313 111011111 33
33 311 11110131313, 1131 ,,Ο113, 01101131 11111; 1131101 113νὲ111 30 11111.“
(111111, 23.) Proto: ..... 3 11113111 1311111111 3 31331111 1311111313, 11·-
3111311 1331 010 31011 113111031.“ Proto} i 13110 01311 3 3131111 111111131-
1011, 3001101111 11111 31311 1130011011111 10110111, 3113101111ΙΙ 81101111.
11311 dle 7. kap. ,Skutkfi 30011013111311 1311ε ,,Ρ3113, 3300111131 11111
10110331111311,“ 1131101 11311111 30 11111.

Ι 1331 111 00111111, 1311311111311111 1111311111 1 11111 Zidfim. 11311
00011311, 13 κ1131113 1331 111111 313111311111 331111013110331110113, nebo
11 1111313101110311111. 11311 13011 01311111 133111 3 013111 31311311300110111
3 11111311 313113113101313111, 01011311. 33333301 3 1 1113111111 dani 3 3131
3131111111 1111313111. 1111011 1331 1311, 13 0111 3131010031 0101111311 3111·
01111 1131111, 333333111 3 111131111111 3 111111 1310 3113111311 11311133 1111
3 11111 31131310111033111. A tu 113111 113113 (11113311, 1131101 31310111033113Ι
1111013111 1331 0111111110 1 11113111 0111311111, 11311 od 0111311 3131011031
13011 11331111, 11111111, 1111310111ιί 3 10103111. N 31101 11100ῃέ11316 3 13333311
1133113111 1311101110 33 110 ti· misy, 13 11111 113 011331313, 313 11101111
113110113111011111 13011 (1011111131131110131111 01011 311, 11111 1 1310νὲ11111
31031111,

 

