Aby 10111000 10000101, 101( 101110110 0 1110510100110 (101110, 0 00101
1 010011001111101010010011, 01010101 001011, nebyl 0011005100, 01101 10011010
1011011000111010 k 101( 000100111101011 (101110 1011101111 0 110110 (10101000
(100110 10110 k (105οὶ001 000110 01101100 povzbuditi. Ncbot’ nadarmo
(1050110101 111101511015111 0 0510101110, 1010100000110001 ke konci bla-

1000511, 10110 1100111 1001 10110 (1111110 (1. 10110 011511015111) 10011 11111
0105110011 ke 1000000100 (105010010100000511;1((111111 10011 byly 1110-
100100, 1005010111 bez pochyby od nich 11111 0111101000. Κ 10110 00110-
0100011 10010011011011 mi 1101000110 51010 11011010 11105010 Α115101010,
111011111ἑο v 5. knize ethik, 11101010οῑ Ρ110111011111101 1111001111. Pro&
1110501 00111011ῑ 111110ν 1111001110 1101111111, 0101 lze pochopiti‚ jeito
1111005111, t. 1. 1110111001 010051011, 0100010 15101110, ie 010101( 50110
0 110101 1101100001, 00 0000 0051010, 001 510111 110011, 001 00101001
01100111, 0111 00010001111100011, 001 510100 5001110 (10011010 0100001011,
01010011101000101110511 0 51010000511 z 1111005111 50 01100010. A 10110
ke 10011010 komukoliv vysoce 1105101000010 50 1010111110, 0111111000-
1110150015011001101101, 101( (11 1110501 1 1. knize ,0111011001100110
001101ἑί 10001110511111 10011 105150110 50100 0110010100 0110005100 0110-
(1011; 10110 (1111011 00 1010 (1010 3000110 v¹ 2. knize „0 dobrodinich“,
11(οτ 50000 1051 1101001 1101001510, 0011010100 0101 110010. 1111111, 0οΞ
(100110 510110 od lakadel 01111011. Ncbot' 10105100 (11ιέ1, 1οὶ 1001110 1051,
00101110 0110511, 1011101101101101001 11111 01001101101010001 1051, 101(
0101111111 100, 11110 00100 10001 11101111 50111511, 0010001000 1011010 010
0 01010100 0010511 005101101οΡ Proto neni hoden 511111 50 1101101001 11-
01011, kdo 00111 510 10101110 10001 01001111 0 10 0100511 1 skutku 51010511
0011111. 10111000 0100111111 0110000 1010111 0101011 10110 10110, 1000 v 001-
100ηέ101 510110 10100001000110;11100οὶ 0001 1000001, 00010 1111005111,
001101 1111015101 101100 1111001110. Hle 511010, 1000, 10110 1111111101 111101
1111001110, 11011 11110110,1105111ἐο 11101001. Sebe-li 0111111011 1101101, 1 11101110
1001010 1101100, 011101111 0110010, 1101111101 1111101000, 510101 50 0 1101100011
100010 000111 11111100, 110110 000111 1105100010, 1100101 (111101ἑί 110 1 (101110,
101 Β1111 dal, 00011 01101 10011010001101101( 50110 0111111010, 1101001 11011οἑ;
101110-11001010, 1101010111101101150110, 111100511110 51110 1101100 51101
a 1110015101 111(άὲ0 10 1111101111. Eud spokojen 0101001, 001101 51101101
005100 1111111οἑ 0010010000011011110115101 10 0111. Hledej 10010101(
1101111 ’- 010051 (11ιὲ0, 001101 101( 10 1100111101 0111. 1011 0110οἑ 11111
111011 13011001, 101011 11011 0101, 001101 101( 10 1110005101 atd. Rozum.
1000110110 1051, 11011 51101 0010001011101101111010, 001101101( 10 1110115111
0111. 1100011 (10101 501110010110111010101001110,οἠ 1115 011101 11100111
1110, 001101 101( 1110010100011010 111111111110111, 1011010110 1051 11111 1110-
11101000 11101110 011010 nei 0111011111 1110. 1110 500101, abys dle Boha iil,
001101 101( 1110111111 0111. Uiivej sebe 50010 10110 01110010 11011110, 1110 10.
00 110110 1101101100 1051110110, 10111 5101101100 100110110νὲ01, (110 001101
111 150 11011000 1100111 001111οἑ00101 (1οἑ0 51011, 001101 1011 10 1111111101
11111Ξο11 11111100 11101 11111 1101111101, (101110 101101, 8011000110 1100110 011,
00110101( 10 1100111101 1111100111 1111000.

ὤ

 

