290

11131101101101,11111 dd cirkve? 1310 Ρ3νο1, 11111 1111 1001131010, 1111
0111111100 od 51311 0131110111νο Zde se pravi, 10 011101 11110100 1113111111
3 1110110010101, nebo 111οῑ111100. Ρ11111111, 131 hylo 101000 dle 111011111-
1001011. 1101111100 0311111 5011010111νὶ 1 51000111110111101111111101011.
byt' i z 1100111110111111111 lidi 1110 03 5111111110 1101111100 za 1151511111
0131111 011110; 3 131 100011 1110 11011511 51115111 03111311 50 1111111

, 1001110110, 111 i 1111111110 1011101111 1111111011,

1101110110 111511 1111. 310 1101001 011510011130011010101 1 11111 15011
0011101; 313110 11111, jak svrchu uvedeno 1110 Augustina, 1110110101
Κ1151011, 11011 odedi 11111 a 00011011111 5 0101 vice. A 1101101101 11111-
11015111, 1110111111 1111011111 01011011 Κ1151111, 3 0 01011 pravi Augustin
1011110110 03 11103, 1111101110,110131 0100 511101111105 Κ1151111, 10001
„Ale 001 101511010, 11, 11101 05111011, byli ovce? Hle, 11511101 111111
a byl vlk‚ 0151010101, 310 1101111 Ι1011 0111, 11011 11113111 1135111113·
Το1110000. 111010 tedy 111115011010 0 0100111011 50 pravi dle (10100101,
10 15011 z cirkve i dle 11111010111 5111310111110511, 31000 v 11131111 dle
11011111001151111. Kdo 1131 15011 1110, 101011 udi Augustin 10 11113110
03 1003, 1110111 ,,Ζο11 Pan, 110111 10110 15011, mid, 11011 11111311
10 1011101, 11011 11111311 k 1113100111, 10111 na 11111001 sve'm 11100101.
1011 1 1110111, 1011 05001, 1011 1011101, 31131 0510111101 1051 10 110-
1101ηὲ00, 11011 15011 1101011100 3 11011 havrani.'‘

Kapitola 10511.

Β110 1110011010110 0 51311 011111 1310110111, 101 1051 131001011110
Κ1151010, 101101 00 1051 11131011; 1 10510101 111010101111 111100 0 011111
zly‘ch, 11011 1051 1110 (11111010. 101101 101110 105111131011. Nebot' pravi
513111 1101101 10 4. 10. 11010111, kap. 9.: ,1310 1111111111οΙ 011 1051
jedna osoba se 51100111110110 1101111011 (001101 00 1051 111013 1113
a my 11101113111110), 13115131111 0111111101 1051 jedna osoba 5 001101
5011110101 01100101011, 001101 00 11111 1310 hlava 1111100 k nepravosti.
Z 10110 10511131010,1011101101 1110111νέ11101 5051311111 1011001110. Nebot'
pravi Κ11510518. kap. evangelia 1311013 21111110, 1011311110 1101151101
3 1311101110, 11011 11113110 50111, 10 15011 hlavy cirkve: „Vy z 0100 (111113
1510 3 11110511 0100 511110 0110010 110111.“ Ζ 10110 1051 1101100, 10 101151
11111 101100 1101101001, 101 bylo 111 1 lidu proste'm. 110111 v 111011513-
1001011 5111511011, 310 0011101111 111101110011, 1310101011 011110111111110
101001 5111310111111011 (110 111 5111111111 5011011101 0113101011 011101. 10-11
10111 101100 1101101001 1101110001011, 011100, 31111 byl jeden 00111311
110111. 1001101 11511, 101 15011 11111· (11111011, Α 10110 00011110 11111 1111
nebo blava, 101 1111110101οἱ 1 00101011 001101111001101111111, 1051 1101010.
10 1051 1011001110 1111111010. 101101131 1110 111151010 031111 501110
13100101 11101310015111 00110511110 103010151νὶ mezi Kristem 3011111,
1110 (11111010 00111 13110 1310111111, 310 101001, 1101101 111110 11111 51101000
5 (11111010 0011101111 1111010 v 1310105111, 1110 1 1111, a tak 000 1110
(11111010 01111111 1111101001, 001101 (110 ,111110511001101110 ,01111101000511
1101113· 110010 111 musi se 1011111011 v (10111101.3101111100100113101

 

