37

,Ρ10101 313103100035111 1111333010 1111011111 50 10110 1 5013030 tve'ho
na 1111,ι Ι 11101 01111111 10110 31310310οη11 1310 53111.“ Ι 10031130,
10 130111 Simonovi 1503 1135131 1111101 113111 11011011, 3 (1031111 nebo 511111
603010111135131 15011. 11101 33 51110511 plat 1131111311, 3110111530-
101313 13113031 011010 33 5131031300 1051 0011111311, 11101010 Simon
30111111 011111 10311111 (13111011 3 1131 po 3111150111 (101011 011111 3311 plat
1113111311. Το1110 1030331111ιὶ 1131130 1051 dle 1315113, 10 4. 13130 ,,Ρ11-
51011“, rozdilu 25„ kde pravi tak: „Simone'znci 1135131 11311101 3331111131
11, 11101 1310 Simon mag nedocenitelne' 31110511 3311131111 (105101 0111ἑ1ἱ;
31110 33 1105111131 0111311 1331111 3111113311 po 3111150113 (103011, Gezity
11311101 311131ς 310 11101131, 1 1111131101 1110101101, 1131031301 50 33311311
3 011011 1113101 11101013 15011 30111131. Α 3111111 0 513101111100111, 113-
311010 ..111111 1 011110 . . .“. 50 pravi: „Pfesnfiji 331331110310, aby za
51110511 310 3011110 11311111130; 10511110 by 1131 311110 50 0110111111
proti 10111110 3051300131, 103 1113031131, 10 5 (303031 1101111 13111 1111110.“

ὄίυνίά 311110οέ01 k prvnlmu lldnkn.

Po 1111111 dim, 1011111101 1011 11111 1051, 10110 1 3131 pravi pro-
1113101, 10 15031 [1101111511 51011 511311, 10 11101131 131111 podle 10110
15011 130111. Nebot' 101110 1011011 1111111311 311111, -11111111 311 5111110111
50111100, 1031111130 i ty, 11011 131 0303 1111315311, 51131311 1111110 50311111-
1111111 1 511100 316 3 3315101101ηὲ 331 33 3111 11513 1 1011 130’ 3015103311.
Nebot' 331131 31301111 1313110, 11131 3015013 1101103 011111 53111 3 110111
30111 101131 11303101111313011311 1011011 0110011131 1101111111. 10511110
1131 1110111111οί 31011 po 110101031 030110 1101011110 1110111, 10111
10110111οῑ ,1111010111 33 51110511 1113111311 11031303 011 11311111113130-
01111111 1151311, 15011 5131013101 3 130111,“ 0011111311 10111110 (1010111
111101; ,,ΑΙο 11101131 1311111 1133111311 103130 33 51110511 3 3110111111
1151311 0(111.111111131,“ 3 0111111-11 53311 03011 (1010111311111151111, pal< 31-
510111110 1013111131, 1011101131 1311111 15011 130111. 111131 111 1100111131 0303
(1010111, 10110 331131 1330ὴὲ 131110, 11011 311111301113111311, 310 11111
311130 1051, 31135131110 1113101111 0113111111, 5111100 011011 11135 13111011
,,Νο111ὲὲ1 311111...,“ 1031 di: „Jestliie 1313, 10111 dle 511110 11131111
1 103111 10 1113113 3 10111 1111 1110111111, 11011303 1051 113 51111 3111311
0115131113ῐί (1110110131 5111311115·

Pdtd 0111100131 k prvnlmu etanku 1310113111.

Ρο 1111ῖὲ 11131113, 10 1111301 103 11111 1051, 3101010 pravi. 10 0111311-
tebne' zvyky 1111131, 1111111 111000 11311316 1113111131 1 feei 510’ 150111
331330131 10 5110111 5 03113 11101031 133110111 „K 3110110151ἑ“·, kde 50
pravi: Ι..2313311103103111 5011011110 1313111 113111111131.“ Νο1101, 11011
3111 10511330131111, 301103, 10111 1051 33111313 od 51311011 010113 011
011110, 1031111111 30101131113111111131 33 5111111511. 11011110 3111( 30131110
50 0111111111 1 (1011111. 15351113 150111 311τὲ Ρ10101110101110 3111111 13111013
„Kdyri 1 011110 . . Ι,11131 1111133 131511. 10 proto jest 10 (10101030,

 

