151

kap.: ,,Ζ110111 0001 111101 vice 00111 11011110 0 1110 00111 0111111... ΑΙο
1110110110 0011110 1111000101 11011110 . .. 0 1010 1101111110 0101 11111110οῘ·
,101011 10 0011011 10011 11111011 Bohu 0 1111101010, 101, 1011 00111110, 10
101151 0001 111101 11110 0 1100110001 11101, 11101010 00111011 0010 11110
0 0001001 1001 1ιο10001000 1111010 0111111101. Nebot' dle slov 11110110-
10111011 v 2. kap. listu k F ilipensky'm ,0110110110115110110111101 1110-
11011 0 00 11011. 1110111 15011 101110 Krista“.

A 11011010110111 111ον1 50011 1101001111( 11011011 Eugenovi: „0 0001
111101 0 1101111 01110111 110001 se 1010110001 se 010101101111. 1101011
1111111011001 50 s 110111011 101000ον1111 0111111011 111111; 1101100 011100,
0 1051, 11110 by 11 11101111, 01011100 111110, 0 0001, 11110111 si toho 011011.“
Α Ζ10101511 pravi: ,,Νο1101101-11111 1111 1105111111, 01101101 10111011; 1011111-11

jest: Ρ101010 vice 510011 10001000 110 1011001051, 001 1111510 Ρ100
111011000100111101000511. Nebot' „od 0011110011110 101151110101101 do
110101111110101011 01101101 001101111 vydali se v lakomstvi.“ (1010011111,
(1. 11011.) Nebot' 1101111101 51111111 01000111101511101100 00011, 01111011
sve'e [10111100101111110011. Α 00 10010110001111, 11101151ονεηί 01111110 10110
1ιο11010νὲ, 0101111511ορ001, 1115110110νὲ, 0101111100νέ, 011010νέ, 1110110111,
1100010101 a 1011011 01110011 0111111011οε 50 00011,Ι (1111015111 01000011
1101111011, 1110 501110 01100101110 1101100001. k 0101111 0010001010 001 1101-
sky, 0111 11110111 111100. 001101 1111110οο 1011 010100110101 0 1011101010111
1111001 1111110101 1111510νο. Κ110, 1111 se2 jest 111100, 0111101001111011-
5100001 001111 lid 5111111 Ale 511110 bez 11010111 1111 Pane, 111011110 011
11011 11051010 5111110101100001 1111111, 00 011510 0111001 1011111, 0111100101
0 111150110011 101 001111 1011011. 10110101111101. 1151111011 Ρ10 skrze 111-
0110110, v kap. 3.: ,5111101 111 vy 11101101 v Jakobovi 0 1111100νέ domu
1110015111οῑ Ζ110111 010001100011110101 1111150111101 001 110110001νί111
1101111110 0 0111011 111, 51111011 5111111 111111 1011011 0 maso jejich 5 110011
1011011; 0 10111 maso 111111 011110 0 111111 1011011 5 111011 01111011. 1 110111
1011011 1011010111ἰο 1011111011 10110 (10111000 0 10110 01050 110110111110.“’
Za tento 11011 51101011 11011101 1110101100 0011051101 jich: „Tehsly volati
11011011 11 Ηο511011100 0 0011111111 11011; 010 01111010115100 11101101011
v ten 105, 1011, 1011100101110010011 111 111011ον1011 5ν1.“

Ale po 11011, 001 1051 00101101011111, 111111010ἱοί, 1001101 0101111,
1110111 011 11110 10101 15011 11011011, nebo ,111101 1110001, 010111, 00
111-10111 101101111101151115051011011 1101111, 1110111011 1010111 011 11111, 111011
1001010 01101111 8110511οΙ0011 (1111111, kap. 17.): „Tak i vy, 111111
01101101100110, 00111111 1111111100, 1001οῑ 5101011010100011101111 1110οἱ·
Knihy ty 1011 01111011 1101110 1101101101, 1111100 10 1105101011 501011
1111, 0111, 0011100100 50 1011011 11000011111111, 11110110 0 1010011111110 1011011
10100111, 101100 001110111 0 0101111· 10101001111.

Po 11111111 00 1111101111 1011011 1101011111011 50 11 11010111, 111011-111111
0 5111511011 111011 111101101111 1 10110111, 10111011 0010101011, 111011511101100
11110110 0νὲ 1101010 00101111 0111111011ος 101110 1111011011. 1100111101101 1 1110-
111011 1011011 1011011 (1011 101100 1110111 10111010 110110 11111101111111, 111011
111110101110111111001 10011 011 51110 0 10110 1011 101011 1101111110 110 1111)

 

