236

pro 111 11011 000110, 10110101 0111, 1 00111001 1110111 11110111 1110111 0 00
510111 1011111101 0011111111 00 110011111. Proto se pravi ve 4. knize ‚Dia-
logfi‘: „V 1105101101 1110511 101 15010 50 0101011100 10111101( 00 111101
11110111 k 01111101 0011101101110, 1011001( 00 111101 01011511 010 0111111111
11011101 11110110. Ρο10101 tedy Preciosa, pfedstavene'ho 000110 1111·
11010, k 5on 010111 15010 mu: ‚Viz, aby 111101 1 1110111 k 010111
00111011010111 se 0001111110101, 0111 aby se 010 0011051010 51010 11110111
11110111 1151; 010 111101-11 by ve 001111 1110111, 000111 101100 010 1110501
111011 10110, 10 1111111 00011110, 11011101011011, 1051 1 0110111001 u 110011
1110111, 0110105001 10 510111100110110 01151 10101101110510011 110011 10110
0 1111 0111110 od 11110110, ktery 50101101; 01 00110 1011110, 1110 10110 1101111-
dii 11101000 5 11111 1110111, 010 01101100 111011 00 1111011111 1111000110 0
1111 1110110 1110 0 1001 0011 11101110 111 11011 000110, 111011 1011001101,
11101101 1101011000 1010110οε ,Ρο0110 1111011101 5 1011011 00101100001“; 0
1010110101111011011110011.4 V 011011 1101110 1100011 011111 15010 01050111
10110011 01011011010111, 10110011 0011111011110 11110110 1 0111000110 11110110
110111051510111 5101100110 0110011101 11111, 1 0111111010 1011110110 tak 1011111
0115001001 101( 50 010110111; 01011 50 51010.“ Tolik 1101101. O onom mnichu
00111 0151010110110 1101010101 11051111 10110 111011 11010010 Copiosus
51011100 1101101011, 1110, 10 1101110011 (100011 ve 1111101 110111 50 mua
10111ῑ ,111 (1050(11111050101100 110, 010 11101 111 10 101 (101110, 001101
(11105 5100100101 0111 011101 15010 500101005111.“ Α 110110 bini 51011
1101101 00110001 11111 111οε ..Ze sbody 11111111 0 011111 011101110 50 110
10501, 10111011, 1110111 byl zesnul‚ 5005110111011 011111 111111 1 1105111.“
1110, 1010 1101010101 15001 01010, aby bylo 0011110, 10 001110 10
1101111110 50 11010101 11111111 0110110 ,11010110 0101111011011110 svate'mu ke-
11011115101101001 0001101110110, 111011 50 0011101 11151115. Nebot’ 0110
11010010101110111110051101000 od (111110, 1015011000 150110 1111011011οἱ00
1110101101 1000111011, nebo take' 100111 10 0000 1110111101 0111110 10111111
0011000 11051011011101101 51011 1105101. 111101( 11 0000011101, 10 10 bylo
0101110 0011 10111 11111110 to, ani 0001101 1110 01111011 1011010 0111101101
0111. Nebot' jsem 10111 51101111, 10 5005110101 01111 105100100510111010111
01101010 1111000001 110011, 111101 15011 1 0115101. Nebot' pravi 51011 110-
1101104. knize ,Dialogfi‘‚ 01011005101111111001101οε „Z 0011 101511 sve}
101010 0011101011 111010 5111010 0 0111101011 1101111 1101110100οἰ 011111 slz
0110111011οηῃὶ 101111 10110 1110 0 krve. Nebot' 10 01111 1111111 11110111
dubi 501511 od 11101110 1011111011, 1110111 0110 101010511110 0110011110 0011
510οὃ0100101001110.“
1111 1110110111 my 1101111011 1111111, 001101 001( bycbom 0111101011
1101011 111001 1011 10 000110, 010 1101101100οἐ 01011101 1111111 0010101100
51110111 01011 000111 51110 510111111 11011010 0110 00 01111101 110011 111-
ny'ch zesnuly'·ch 01100010111010110010111010 51010101000111 5011001101,
001 by jedna 5101000 10110110 1101010 00101110 0010001001 1101511110
1110110 od 01011 11110111, ani 0110111010100011110101010111 511111 51011011
010 011111, 010 115110 0 1151010011511111110111 015 1115101011 111111, 10
1101111 1010 (1110 50 10 10011011, 011 0111011 1111011 v 0115101 0001 11100100,
010 101011110111 01050111, kolik si 1001011111 11101001 1110 11010011. 1101101

 

