IX.

Κ100111 1101161016 1411.

Νο111111 111οέ101 1100010, 10 0111100 01001110101 0001010111, 1051 ka-
0101 00 01010 evang. sv. Jana: „Rekla Marta ke Kristu: ,Ρο110, kdybys byl
111101 0110, 111011 01111 byl by 000001101.“ 11010010 101010 0111 3. 1101000110
1411 Hus, 011100 ozval proti 1101011111 01111010, 0 10100 00 11111 0011011111
0110111.

Ρο1101011 01110111 01101011111 10010101 byly - 1101010 1011111111 011-
100 00111 01111 - 1110000 011101110011, 011 01110011 0001101011 0100 010010-
10110111 0 01111010. Κο 11110110 0 010111111110 u 10111011 1111 10111111 10101
111111, 011 0011010101 0111011001 100111010 00 00 00111111 01111010, 00110101
0111011111 00 00101110101111, v 0111101001 0 0 01110111 0110011101 1101011001-
01111 0111101111, 1101101000 1011010011 001110101 1001100 0 den po 00111111
10111101 0 0000111000 0110010011 0101110110 10111 0111010101 1011, 10111 1011
hylo 0101011. 1110010, 10 01110 110 11011 0111011 - 1110 10 1011001110, 10111
0111001001 11001110 0111101111 001 10 10010101 111011 0001101110, nebo 0011100101
0010110 00010101101 11 1 011101011111110100011 (100101000110 0100110110. Dino
se to 010 101111 0111, 00 00100001 1010100011 0 0 01101 marnivosti: 10011111
00110101 001 1011111011 1101111101 01110011 10001101 dedica 011111111οά0-
chovenstva. 11101011101 11 11011, sami 10111, 0011111011 1010 001101 110-
110111.

Ηο0 0111 111 010111 00 01011 1110 0001101101 01111010. Το10 01111110
0101111 110100, 10 00 010110101011, 011100 00 1010011 1101011110, 11011010
01111101 01100111, 11111 11110 00 00 lidi 1001010 01100101, 100110 011011 0
00101101010 1010111001. Κ1111 110 01111011 17. 10110000 1407 Hus 0110111
0 01010101 0011110 1010101110 00010011010110, 11110110010110 1011010110
Petra 00 11011111, 1 1101111111, 010111 11010101, ie 00 sinn by 001001 0011 0111
0010, 0111 0111 11101111 1 01010110 101110 010110111101 0111011. Α 1 1101101011
1010 011 11 110111 1001111 0010000010 00111110 01011 1110 0001111101 01111010 -
01 01111010,11011 01111111 0 11001101 01011 0 0 1)011111 00 1001111010, 011-
0111010 3. listopadu 1411 k 1010010111οἑ0.

1101111 11101 101010 11011111 (10010101 je 0101010 0 111οέ101 10110010 Vi-
1101010- 0 0 V 111010 10011 1 0010101 1111111 1011100110010101110011111000
10110101 1111100, 00 101 01011110 01110111 00011111 1110 1 0110100 0 1111101111

 

