153

150111 101011 11011 11110111 k 5111111 0001111011 - 0111 opili k 0110011110.
11 1011111 11111111101111- 0111 110 (101011111111 1111111 0111111011. 11 vy-
11111111 0110111111 11511 duffii svou za 111 - 0111 0111 1111111111 111511
1100011Ιῇ1111, (110 1011000511, 111 150111 11111 1011ε ,1111100011 budesv
Ράηα Boha 111110 z 0011110 011100 111110 0 ze 011 (11110 511 0 ze 0ἑὶ
11111111 111,“ 110111 5101011110 vzata za thema.

Ve sloveeh 11011 1111111110 50 01011111 11100 0 (10111010 5005101010,
abychom 501051001511111111 0 1111101011 110,1(111 50 pravi: ,111111οα11
11111101Ρ1111013011011’0’110.“ Po (11111111 1101110111 5101010110 1101111100
5010110051, 011111111111101111 111111 110110 110010111111 1011οὄ11011( (10-
50110111 1101010511, 1111 50 pravi: „Z cele'lto 1110000110 a 00 1111 111110
sve' 0 ze 1111111111 1111.“ 11011 150111 11101111, 10 1 themate} se ukazuje
(11000110111010 Spasitelova‚ 0111011001 50 110 511015111111 0 1111101011
ho. Nebot' 1010110 Ρ111 1051 11100111, 1010110 111111 1001 (101111; 1110,
moe a dobrota. Ρο11110111 tedy jest Ρὲι11 1110011111011011101101101, proto
51110151111111110 50 ho 11111. O (1101101111, 1101 50 1011010 Ρ1110, 1101101
tob& di 11 1101001111101100. 1.; ,A 10511110 150111 Ρ111, 1110 1051 1110011
111111“ 10110 1101 1051Ρ1111, 150 Κ111 1111111 0 Ρ111 1111111 (Ζ1010111 51.
10110, kap. 19), 111110011051011 11011110, 10111 1111111111 01111110 11 110-
101110, 1 kap. 25. vece: ,111110οά0111ηο 0101010111, do 011111 111110110“
A na kolik jest 111111, 1051 011011 110110 011110, 0 110 10111 1051 11111,
10510111111011 10110 0 10110 1051 Ρο111 111111 11111, 1111 0011511 11100 11011
1011011, 10511011511011011, 1001 10115111 1 5010101111 1 110511111ς 0111101110
1105100511110111 5110111 11101110, 0111001051οΙ,11111111110111011. Α proto
„Boha se 1101 0 1111111101 10110 051111101“. (1300105105105 1 0051011111
1011110101,1101101’ 101 1111100011 11111101 111110 1101111 101110. Α 10110 1051
Ρέ111, 11011 110111ἑο 01111111 ty, 11101 v 111110 (10111011, 0 110111ὲο 011-
1011101011, 1(10 (101110 bini, proto doufej v 111110 0 1111 (101110, 1101101
101 1101011111 11111101Ρά11111101011110. 10110 1101 1051 Ρέ111 Β111111111,
01110110, (1001101111, 01110151101111111 1111101111. 1111111 ho tedy‚ 1101101
1051 110111ἑο (101111 11111 0 0100 11111, K& 11 11011110 (10111010 1011010
01000 Ρ1110, (1011011110 011 10110 11011111, 101 00 1051 11 1111101110, 1101101
mil 1ἑ 511110111110111 0111110 (11110111 1011110511 51111010115111,11010 sve'
00110111, 010 1 11111111 0105010111.

Α 1011111116 1051 11111 0100 0 (101111 Pan, 1101101 1101111110110111151111111
11111010111110111111111, 01001011011111, (111010011111111010111111 vice. 1101
bys 511110111000101101111100510111111. Po 11011 1001 11111 111111 11111 (101111,
1101101 proti 110111 (1101111111 0111101111 t& 1111111. 1100110111 1051 10111
110111ἒὲ1 11111, (11101 10110 111001, aby 5111015κῆ 11010011 0111101010 te} od
0111110. Α 0011110111 1051 11111, 11101111 0 1100111111ιὲ (10111011, 11011, aby
11511 111510 111110 t& 1 (1011110111, 1101101 1011111 1111100011 11111111 13111111 Βο1111
svc'ho. 1111111010116110 1051 1011110, 10 5111015111 1110011 0 115101 1101111
15011 11101111111111, dle 1110111 111111 50 0011 0151111111 11101 1111511; 0 11011
(1101101111 od 1101110 0111011011 ((110 5101 1110101011011 ve 13. 10111111;
..11101111 50 0111111111, 1101101111 1100111οἆ111 1111111111 15011, ...110111 11110111,
boii 111011 0111110 1011011“), 0 11011 105111011110, 10 011 015101111110111010
111010110511 1 1101111 111ον0111111 0111101111.

 

