90

od 010101001 110110110 11101101 00001111 01010111 10101.“ Α 1110 10
1 1 1110110 01011110 11011010, 1001 1 17. 1111101 01011; „A 10101100,
00111111 1001, 1111111, 1011011001010100111 dati, cizi rozchvacuji.“ Ι 10
0101 01011110 1101001110 „Na 010011 01001“ 1 1111101 77.; ,1110111110
1111 011 1 00110 010110101001011, 1001 1100111111 1100 0011 1101011110-
110110 1111111 011011 0011111001011, 001 0011 11101010110101 0010011 ?“
13110 1 skrze 101001010 111101; .,Ρο011100’ 111010100011 1111101 1000 00

01110111001 0111111110 110110 0 1101000100101011 10 111111011.“ 1)110
11110110 Linkolnske'ho 1 1011 Ιο0000000 IV. 110000111 ,,Νο01010 1001
11100 0101011111, 1001 01011; ,10110011οἑ11 (001111010 00) k lakomstvi
011100. 011 00111111110 01 do 001000101101111110; 101101111οἑ11 0101011010
110110 1011011, 0010010 1 100 0110011.“

Α 001 110110 01111111 101111 0100111 0 11101111 01011011, 11111111 10-
11010001 1101101νο 0011100 01110 011111101 1101011 1001, 010 011 1011110
1001 1000 1 0111111, 1111111010111011000111 0100111 0 110101 1101111011

Τ1011 1101 1110110 101101110, 10111; ,11011010 10010001 0111101,“
1001 1101011. 1101101 11110 0111101 10010001 10111101001, 00-11 110110110,
(1011111101ἰο 10 010011 0 1110110οο 1111101111 Kdo 1111110011 01010110·
000111 1100110111, 00-11 1101101101 Ρο1101101 1 10110010111, 11011 101100
001110100111 101101 0100110 0111011; 0 0011011οἑ 10100 1001 0 01001011001;
001101, 101, 010011 110111 0010011 0011101111 111111001011 10 0011101οέ110
11110110, 011111 drze 011001011 000 01010 0101001 ,11001101 0 01001101
00“, 11111 1111011, 10 1001 10 1111101001, 0111 1011 1110001 011001011, brzy,
10 0001011οο 00 11111011 10110, 0 1011 0 0100111011 1101101οῐ01, 0 010111
01011 0010101111111 1 101010 140.: „Hospodine, 001100001111 011101
011010 0011111111 00 ke 111 1101, k 110110011οἱ 1110101 10111111011.“

Ζ 1011010110110101000111111 1101 1110110, 10100111 10111οε ,11011-
0110 0110101010 000111 Antikristovif‘ Nebot' 00010 ,10111110101000010-
1001 1001. 0 10011 01011 11001101 1 11011 11 Τ1100001001011110, 10 .,111
1010010111 0001010011 01100111“, 10111 0000 010 101100001. Ale skrze
110110 01100111, 101 skrze 001, 11110 01100111 0001010011 Ρ10101 01011
1101101 01011 1 Registru: „Krzil 010111 11111110 1001. 0 001100110 1001
1101, 1010110 110111 00 1011 0110101010, 001101 010011 1110001 01ἑο 11,
1101111111011001,0111001111101011 111110010111 0011011.“ Το1111 Rem&
0 Βο100111 „Na 01001101001“ 010111 33. 1111111011 1510101101οἰ Kristovi
1000 0 010011 Αο11111101011.“ Proto i Jan 1 1100011100 pravi: „Antikrist
0111111 mil. a 1111 10010101 00 01111.“ Ρ10101, 10110 00010 Αο11111101010
100101111111 0101010 00110 1011111101 011111011οι0 011 00011 Κ1101011. 1001
110100, 101111110 00010 0110101011 0011111010νὶ 100101 110111. Α 01010
0101111011011 ,,Ρο01011’110“ 1 2. 11001101οι ,,Ρο011’1011, 0101110001 10
011010011, 00 01011 111111, 01011 10100 01101111 11011111, 010101 00 11110, 10
111111 000111 1111111 011 011110 do 01000011, 011110 110 0101011010; 001101
01 lid 001001 01010 01011111, 01101111 1011011 01110000 1001. Ρ101000100
100101110010101101 ..1)11110011111111110 1000 110111 100101,“ 0 010111
01011 Ρ1100111100101011οε „A 01111101 10001101001010010111010 1 11101
0001010011 ;“ 0011011111110 1 0111111 001101111100, 001 11110 000101 1011-
0010 0111 101100 00110 0101 01010011; 001101 11001110 1011010 0111110 00-

 

