189

00111011 1000000110,11010 1051 51000 Boii, 00000010 1001111 51111 01000
111001οἱ110 (1011000.

Ale, 0000, 15010 00000 1101, 101110 15100 10151 0000111010 01010-
00111 0001001, 0101010 50 0000001010100 0 1000111 00105111 01011 51011100
000100001 11100110 001000. Ρο 010110 0101010 0011011 1500 0 001510
(1101000, 1101110100100110, 111, 00100 0 0000000 0110000 51000, 110·
10011 0115001 001000 1100 1 5000 50111001; 01110 000111101011 51000 Ap&
0101000, 00 01;,,Ρ10101 10 1150000011 0100 0011001010 Βο11111 0 Ρο00
101100 Κ11510, 110101 100 3000111 1100 1 101100 0 01100000 50001 51000001
011010051νὶ 50001; 101 51000 0011, 00000101 0 005 000 00 0 005; 110501,
101111, 0000011001 00 00111οὴ0511 0 00001. Nebo 011100 005, 10 00100000
00001 0000000 110011, 010 1001100 501001ον0 001, 00010 501011 0105101011
1000511 50100101000011 sami 5000 00000 0011010; 00001011100100
010000 0100511010· 10 001011.“ Το1 1051051100 00 4. kap. 2. listu k Ti-
moteovi.

Το1150, 100 1051 0 005, 1001 010 0000110 11051011 0 000005 0 0000-
0110011 00001100, 100 010 0101, 00 001 110110511 0 0010100010110 000011011ἑο
Krista? Reknu-li se Spasitelem: ,01000 0010, 0010110101... 10 00011010
1101005101110005100100 110101ς 0000 sami tam 0000000110 0 1010, 110111
00 01111 0111011, 00000011 000000001110,“ - 001 5000 05100101, 00-11 111
100, 11510 0000010 ,,11115110,1010 0001 101000 1 01111 1010 10111051 01010.“
Το1 10111 1011 100011 00 0010001111 500511011, jak 001100 0 11. 100.
evangelia Lu=kass150va Reknu-li pak: ,,Βο00 0001, 0010001οἱ 0 1011-
00000, 00110101, 10 1510 50 011000000111 11100001 0011011010, 110111 5100
00011 50 00011111 110501, 01000111 1300 010110511 0101101011 1 001 00-
0151010. Το1 1 vy 0000111 0011510 00010 50 110010 50100001101, 010 00111
0101 1510 001101001νὶ 0 0001000511“ (11101000, 100. 20), 5000 5111100
mne 11051 0001000 00 Κ11510 Ρο00 00 10100010 1001. Nebot' 05000
10510 11. kap. evan'gelia 101000001,,Α 1001 1110 to 0110011, 000011
0111000101 0 101100000 011500 00 001 00111011 0 1010011001 100001 011-
0100 10010 000011; 1110000 010100 10100 0 1110001100 0000000011 0000
0 051 10110, 000 101 0010100011.“ 11010001 001; ,,Ρ100 1 vy 010510001010
0111000101 0011 010 0510000001 00001 Νο001 01110001 111111 11οε cti
0100 5001101 100110“ (11101000, 100, 151. 010 00 nectite 0100 500110
Ρο00 101100 Κ11510, 0105100011οε 10110 0111110000 „Darmo 1510 00011.
00101000110“ (11101000, 100. 10), 0001110011οο 500100 0101100 011101
0000000 0 0111001101, 11010 000010 00 0011011101 500000. 0 11010 50
11000 0 1.,1005111 1.; ,0100000 0010,“ 0000 50011 500000, „ie v 00-
11010011 011510011 000011 000000 000100 00 0111101001 11111110, nebo za
11051 0 0111101001. Το10 01010010 50010 500000 1010110100115101 50010-
1000010 0 0 110100 0011110, 0 0510000110, 000 0510100 001 00 0010011-
0001 111000, 001 001111100, 0000 11051, 0000 0015001, 001 00 0011100
000 01111100011110000010100000, 010 000 0010 1111510νο 0000101000

011100 0010111 1510 0001010010 010 0510000001 0000. 0001, 101, 0100000
50 05100 00 chrima, 0 1000 01001 0010000011 1000 1 01010οἑ0000,
1500-11 0100000 00111, 1)01010 111100 000000, 0101010 01100 001010

 

