99.-

D5le 5l5nek 15. atak5 16„ v 313113 1331 obsaieno, ze pan 3131-
1113111111 10333111, 11110331313 1031133 pana Alexandra V, 11311333 1113113 ’
11331311, 11131113 mu 10313331 3 3131113111 011 13 3111113 33 1101013
3111110 se 330111330131 33 303110311311 3113113311 zmin5n5 01133133
1 110313113311311131113131311,13113113131311, 13131311 3 11331313131133311311
h5bit0vech 11113 13331133 131330133111311 arcibiskup 0011133313 ve
11110331331 3003101313110 113113 13110131331 zak5zal na 1333131111 31-
30113, 11131331131311111 1 Ρ1333 31110313311333. Av5ak 03331311 Η113
1130331331 3333333110 113133 vy'roku 1 z5kazu tak0v5mu 3113113333Ι se
1103113111 na 01111013 11013133 z5kazu v 1333131 331133 3 3113313 22. dne
1011010 1333133 3 00311311 3331311 3 331101111131 1 1311331 1131111, 31133
,,Β3113’13“, 11113 11333131331133 33131 1111 310131 3 0 13110 3101331 33
110313131111011 133333133 3311333.

Το’ 1311 1100113, 001101 0110013001 110111 10 5 01101110 Α10.1011111001“
1110101113110133111101003101110110011011010130.

Ι)313 5l5nek 17.‚ v 33313 1331011333330,33133331133 1133 jak
5e5en5ho 3133133 331133 1313 Ρ333 14101311 1 p5ed tim 3 1101031 1 313-
11333 113011 11333 11113 1331133 331013333333313 3 133 1 33 1113111311
1131311 311313011 01133 pra5sk5 n5kolikr5t 3130113 bludy 3 1133113111,
jak 33 3131333133 113111 1333311110 1111131 1333 113131313333 313 31-
3333103113 131110311 33313111,“ 1131 3311. 0 31311 10110131 3 11311, 13110
3103111311, 113111, 33131333 3133 3131113133, 10113, 33 1101ιο3133εηὶ 1103113
33 011311 31131313 3111311 111301313111 1101131313 31113113.

11131ιὶ 11131110.

[3133133311 18.. 1 33313 1331 0113333110, 3311333, 133 13 3331313313
11113113, 3311310331311131311313 κ1131013.3311033 1111131111, 3311111.

1110111 110111311030131130111001 011011.

D5le 5l5nek 1131 33133 1331, 0113333110 33 0111331111 1130333111
3311 biskupy povolen5 313 330103131311.

Nem' 111111’,·110 001011 1101133113 0111111131 1 0011311311 0 1131101301ιὶ
33130 11311131131110113301103010,11011131130101011011011101110 011-
1101101011, 30 11101 Κ1111001ῗ 01011011 11113 03113 11311 01111111 0111 11101111Ι
1113101113111111110101111010111111 (11110111001111111.

113133133311 31,133313 133101331330 3311313133111131 1331
synagoga 5311.33013 ·

Nem‘ 110130001011101113 1 1111130,Πο0031011’0“,30 1011100111
3111111111 011300, 11101011 11011, dle 1110111011, 31101101 031111 1130113113, 1111-
zeii-57 k poslus'nosti 3110133110 0010311330111031130110 1111110110.

113133133311 24.. v n5m5 1331 011333330, 33 331133 1133113111 33133
by'ti 11313301330 131031. 313 1131133113 13 31101333.

Noni 1101’110;0103031 1101113011011100 1111111001 110110 1001110010
11111 byn· 1110311300 33013, jak 1110131103Α111111110 11 1101110111.

[1313313331 26.. v n5m5 jest 011333330, 33 1313301331 133 Hus
k svedeni lidu 3 1110311311 3 33103133303 11130311 13111, 33 1 Anglii
313031 133131 3 1131 3113111 33311 331 131133131 11031313 sv. Ρ3113 proti
M. Janu Viklefovi, 3 3311101111 110 3313113111, 313 33 1113311 111013 31113311
3131333113 3333 3 10313311 111313 11031313, tak 33 1313111 3 313131 10113

7*

 

